
 Cell Size = 5
17.345361471176147
14.959008693695068
14.920422554016113
14.912331819534302
14.91172480583191
14.896661043167114
14.931373596191406
14.964798212051392
15.00766634941101
15.022348165512085
14.968205690383911
14.899679183959961
15.2227463722229
15.137799739837646
15.183733224868774
14.897818326950073
14.911975860595703
14.926612138748169
15.027973175048828
14.916014194488525
14.895535469055176
14.886398077011108
14.90044355392456
14.866978406906128
14.954292058944702
14.911527872085571
14.923349857330322
14.90052318572998
14.97630763053894
14.972495794296265
14.914485931396484
14.894402980804443
14.93102741241455
14.917417764663696
14.99805736541748
14.929841995239258
14.921239376068115
14.913436651229858
14.875202178955078
14.9487464427948
14.983220338821411
15.370759725570679
14.70976209640503
14.670655488967896
14.705602645874023
14.667705535888672
14.674196481704712
14.690651416778564
14.801746368408203
15.183246374130249
15.087770462036133
14.809627532958984
14.777236938476562
14.752524375915527
14.875397443771362
14.789584398269653
14.907634973526001
14.66725754737854
14.669666051864624
14.80994200706482
15.077884912490845
14.67432951927185
14.682364225387573
14.659971714019775
14.680009841918945
14.704122304916382
14.670218229293823
14.695354461669922
14.715656280517578
14.703139781951904
14.680343627929688
14.711243867874146
14.684131622314453
14.776202201843262
14.666574001312256
14.745538711547852
14.779349565505981
14.70791244506836
14.665925979614258
14.69815969467163
14.66415548324585
14.73061728477478
14.675970554351807
14.669269561767578
14.686316728591919
14.767380714416504
14.989295482635498
14.738832712173462
14.674110412597656
14.71079969406128
14.692834377288818
14.699982404708862
14.698911428451538
14.744436502456665
14.785202264785767
14.796100854873657
14.729701042175293
14.71538782119751
14.700940608978271
14.706925630569458

 Cell Size = 2
14.830310106277466
14.786388397216797
14.677238941192627
15.01931118965149
14.889693021774292
14.52977705001831
14.892261505126953
15.379639387130737
15.17902946472168
14.576352596282959
14.862025737762451
14.759934425354004
14.907887935638428
14.785826206207275
15.032489538192749
14.92678189277649
14.615190267562866
14.900641441345215
14.757979154586792
15.06112790107727
14.651336669921875
14.970810174942017
14.909206867218018
14.543433904647827
15.057072162628174
14.550586700439453
15.071321725845337
14.822252750396729
15.090872287750244
14.718757629394531
15.060330629348755
14.616972208023071
15.038983583450317
14.534969329833984
15.06571650505066
14.581947326660156
15.258938789367676
14.576859474182129
15.056197881698608
14.533860445022583
15.058851718902588
14.521521806716919
15.071168184280396
14.52767276763916
15.103429794311523
14.847647905349731
15.119030952453613
14.673417806625366
15.075156211853027
14.556358575820923
15.110786437988281
14.558547973632812
15.136831760406494
14.673927783966064
15.075575828552246
14.54774284362793
15.155272960662842
14.526456594467163
15.064910888671875
14.508578300476074
15.072479724884033
14.526384115219116
15.163471221923828
14.851938009262085
15.095533847808838
14.913490533828735
15.105249166488647
14.859028816223145
15.10716462135315
14.685935974121094
15.114160776138306
14.536925792694092
15.102153778076172
14.560977697372437
15.082601070404053
14.5816068649292
15.134718179702759
14.518635511398315
15.175079107284546
14.52425241470337
15.101606845855713
14.541101455688477
15.083956718444824
14.5059232711792
15.070094585418701
14.523301601409912
15.053537130355835
14.54958462715149
15.157073974609375
14.758638143539429
15.08494257926941
14.587363243103027
15.106487274169922
14.528819799423218
15.053627729415894
14.556477308273315
15.193692445755005
14.742348432540894
15.101056575775146
14.53916883468628

 Cell Size = 1
15.286848545074463
14.692830324172974
15.042885780334473
15.271713495254517
14.747556447982788
14.995987892150879
15.378026723861694
14.900603771209717
14.75820779800415
14.994701147079468
15.073918342590332
15.029245615005493
14.992416143417358
15.23905611038208
14.988274335861206
14.773233652114868
15.16274118423462
15.038623571395874
15.02104640007019
15.218593835830688
15.016744375228882
14.723328590393066
15.021462202072144
14.999335527420044
14.991400003433228
15.205014705657959
14.995020389556885
14.757578372955322
15.096289873123169
15.004013538360596
15.082989692687988
15.385717153549194
15.035792589187622
14.702282428741455
15.023479461669922
14.989869117736816
14.999077796936035
15.212485074996948
14.986518383026123
14.752738952636719
15.075707912445068
14.98906135559082
15.034013032913208
15.32526969909668
14.972064733505249
14.734665632247925
15.003633737564087
15.006441593170166
15.02482557296753
15.183033227920532
14.949806928634644
14.76175308227539
15.034830093383789
15.007896423339844
15.002189636230469
15.213196039199829
15.375559568405151
15.143740892410278
15.24326777458191
15.128252983093262
15.142990112304688
15.30189824104309
15.310590982437134
15.013859033584595
15.224272012710571
15.108280420303345
15.067286014556885
15.385043621063232
15.221017599105835
14.84710431098938
15.255771398544312
15.283935785293579
15.300794839859009
15.302685022354126
15.046282529830933
15.002686977386475
15.281618118286133
15.27490520477295
15.217503309249878
15.279220342636108
15.224147081375122
14.988714456558228
15.091797828674316
15.333821296691895
15.138662815093994
15.315913915634155
15.058987379074097
14.8318190574646
15.346635580062866
15.250439882278442
15.211663484573364
15.328445434570312
15.104790687561035
14.924473762512207
15.164427995681763
15.173014640808105
15.270973205566406
15.340473651885986
15.123869180679321
14.838985919952393

 Cell Size = 0.5
14.89609956741333
15.321501970291138
14.759132146835327
15.316740989685059
14.917248725891113
14.66671371459961
14.857770442962646
15.201164960861206
15.293705701828003
14.78128433227539
14.87617015838623
14.787126541137695
15.027762174606323
14.80730414390564
15.33373212814331
14.701984405517578
15.333336591720581
14.785267114639282
15.35622763633728
14.71742033958435
15.08454418182373
15.337499856948853
14.472832679748535
15.52390170097351
14.5978524684906
15.024016857147217
15.24835991859436
15.343409061431885
14.854052782058716
15.01281476020813
14.892688512802124
14.447764158248901
15.354423522949219
15.242629289627075
15.347646236419678
15.592837810516357
16.64668035507202
14.708350896835327
15.114561080932617
15.335960865020752
15.366514205932617
14.872554779052734
15.012799739837646
14.914632797241211
14.46319055557251
15.262242078781128
15.267226219177246
15.745534896850586
14.509593963623047
15.536150455474854
14.670170068740845
15.048362731933594
15.238913774490356
15.421738862991333
14.812850952148438
15.059835433959961
14.910587549209595
14.504769325256348
15.216654539108276
15.23395562171936
15.37689471244812
14.450077295303345
15.549062490463257
14.663227081298828
15.043375968933105
15.253522396087646
15.333453893661499
14.813820362091064
14.98763394355774
14.871052980422974
14.49035358428955
15.237686395645142
15.225664615631104
15.384313344955444
14.498300790786743
15.741005420684814
15.405013084411621
15.028304100036621
15.211220026016235
15.320040941238403
14.799439191818237
14.99214243888855
14.83601427078247
14.468755722045898
15.156171798706055
15.19334363937378
15.322455644607544
14.702193260192871
15.476666450500488
14.66335129737854
15.026808977127075
15.311972379684448
15.641120672225952
14.800232410430908
15.064920902252197
14.922033548355103
14.44346284866333
15.324721574783325
15.220841884613037
15.336220026016235

 Cell Size = 0.25
16.167500257492065
16.758069038391113
17.1729257106781
17.328989028930664
16.660948514938354
17.362256050109863
16.54220151901245
17.353712797164917
16.82526159286499
16.40799832344055
17.238508701324463
16.84972906112671
17.17371368408203
16.71345853805542
17.369094371795654
16.530678510665894
17.34504270553589
16.76390814781189
16.249066591262817
17.274657011032104
16.846972703933716
17.136111974716187
16.66641402244568
17.358011722564697
16.51884436607361
17.323169946670532
16.794973134994507
17.173313856124878
18.429052591323853
16.874778985977173
17.158981561660767
16.737005710601807
17.380172967910767
16.557353973388672
17.402140855789185
16.804177284240723
16.30236315727234
17.28180766105652
16.869951009750366
17.200332641601562
16.729047298431396
17.35201859474182
16.553050756454468
17.403380870819092
16.831117153167725
16.302024364471436
17.307305574417114
16.884029865264893
17.22483992576599
16.900110483169556
17.42245578765869
16.542087078094482
17.39530849456787
16.79466438293457
16.295727491378784
17.252713918685913
16.8614981174469
17.19190549850464
16.677040338516235
17.400775909423828
16.602434396743774
17.466303825378418
16.840036153793335
16.69752860069275
18.044678926467896
16.819447994232178
17.25735306739807
16.74672293663025
17.405184030532837
16.548173427581787
17.36325478553772
16.79970908164978
16.318844079971313
17.279036045074463
16.85902166366577
17.146649599075317
16.63139820098877
17.3837833404541
16.5315523147583
17.40533447265625
16.820106983184814
16.273670196533203
17.263660192489624
16.904112815856934
17.281676769256592
16.854464530944824
17.39268684387207
16.538320302963257
17.353935718536377
16.816437482833862
16.327670335769653
17.312981843948364
16.84626817703247
17.197287797927856
16.663177728652954
17.37421441078186
16.53359293937683
17.36658024787903
16.800787210464478
16.318113327026367

 Cell Size = 5
15.357556343078613
15.763611078262329
15.529519081115723
